167
184
198
160
146
124
192
138
171
177
159
170
190
114
144
164
125
162
148
199
183
116
131
172
152
187
179
140
149
182
178
157
166
122
134
147
191
164
186
142
179
184
112
123
165
130
129
121
145
185
179
135
183
112
141
138
130
125
142
141
192
116
177
102
121
151
108
144
185
104
124
189
137
147
187
156
111
155
192
123
192
124
184
104
178
148
145
129
140
124
142
167
140
169
117
149
154
151
126
179
179
125
130
103
141
171
148
101
185
110
161
123
153
155
118
135
193
188
183
173
176
108
119
132
161
180
105
141
131
165
103
139
171
186
160
102
168
198
173
123
126
113
102
120
184
195
138
151
114
107
187
101
131
144
139
126
142
156
136
173
193
126
199
148
150
196
141
173
104
127
130
154
103
187
1000006
1000079
198
192
102
168
115
117
176
196
182
190
190
186
144
166
178
163
105
172
116
146
198
165
114
160
141
156
